0.0
2.0
0.0
-3.0
0.0
0.0
1.0
3.0
-1.0
0.0
-1.0
1.0
1.0
-1.0
0.0
5.0
3.0
-1.0
3.0
4.0
2.0
9.0
2.0
7.0
3.0
7.0
5.0
2.0
10.0
4.0
6.0
11.0
8.0
4.0
3.0
10.0
5.0
6.0
1.0
11.0
3.0
12.0
4.0
8.0
6.0
14.0
10.0
12.0
4.0
3.0
12.0
11.0
10.0
5.0
13.0
15.0
9.0
8.0
12.0
8.0
6.0
11.0
10.0
13.0
12.0
15.0
11.0
1.0
8.0
12.0
14.0
22.0
6.0
14.0
6.0
7.0
5.0
10.0
13.0
15.0
8.0
16.0
4.0
11.0
11.0
8.0
15.0
17.0
13.0
9.0
16.0
18.0
13.0
13.0
10.0
5.0
8.0
15.0
12.0
6.0
8.0
17.0
14.0
13.0
2.0
14.0
10.0
9.0
12.0
15.0
15.0
3.0
9.0
17.0
13.0
3.0
13.0
9.0
15.0
10.0
22.0
6.0
7.0
11.0
12.0
8.0
20.0
13.0
7.0
13.0
13.0
9.0
16.0
15.0
20.0
20.0
11.0
10.0
12.0
18.0
9.0
16.0
10.0
20.0
14.0
11.0
19.0
11.0
17.0
15.0
17.0
17.0
13.0
13.0
10.0
10.0
15.0
15.0
12.0
13.0
14.0
5.0
15.0
12.0
14.0
17.0
22.0
14.0
9.0
12.0
17.0
13.0
17.0
9.0
16.0
14.0
10.0
18.0
3.0
21.0
16.0
16.0
9.0
16.0
20.0
19.0
14.0
10.0
13.0
17.0
9.0
14.0
13.0
10.0
13.0
10.0
21.0
